1 1832521868741387492628667237737729841724568366976937763254826565
2 2857394697759524474736562533328473179239692621757217554594795512
3 8642352368719399326135277128677438461366834731462765259742598919
4 2732751256417238485835164342327287331245755258984447721144173582
5 1659348729285867651534417988173117712561478634487217545243728996
6 1176773253384247676611497638358145481495631724589847676347949543
7 4586537838938855756285522282358677227619371133517293455343565323
8 7273444258978512949729939651775483424727584234326267149894648257
9 5413423225386829324466183182549977387398714286887221596795646422
10 7183955544738369419624346347259647833164416911641319611234727688
11 1888684197416178223825651559229976724893434718521512865889788473
12 9762326217529563369139364553967612743351779494719611526768734373
13 7491292316668359838273433929131877866764338233815431663642643699
14 6366749728914479567238692156564989541589379424169762598513857243
15 9193438876145585574522948282982861291757168587932153146833731886
16 8892761994351223338167381533255734697686999981311184811843857499
17 4567933298524416842378399671865981473579328436189914831768522927
18 9425974158214859588786232895843563139234924297125684294163445691
19 7252679321897566635456585775528121956877735458822334872446876475
20 4622446672225364862198857183859989131468679173259256739447499467
